18 11 2019
1
1
01234567899
pf1
@.
16 6666-6666
casa pf1
5
1
f
1
01234567899
15 11 2019
0
100
5
2
1
01234567899
15 11 2019
200
1
1
01234567890
pf2
@.
66 6666-6666
casa pf2
5
1
f
2
01234567890
16 11 2019
0
0
5
2
2
01234567890
16 11 2019
50
16
1
2
01234567899
pj1
@.
99 9999-9999
residencia pj1
01234567/0123-01
vendas
25 2 1991
20 2 2000
1
2
01234567890
pj2
@.
96 9999-9999
casa pj2
76543210/3210-10
vendas
20 11 2000
20 12 2000
5
1
j
3
01234567899
01234567/0123-01
25 11 2000
0
1000000
5
1
j
4
01234567890
76543210/3210-10
8 10 2009
0
500000
16
17
0
