1
1
01234567899
pf1
@.
16 9999-9999
5
1
f
1
01234567899
11 12 2000
0
100
5
2
1
01234567899
11 12 2000
200
7
1
2
100
1
7
1
1
50
1
7
1
1
30
2
8
1
1
8
1
2
1
2
11223344556
pj1
pj1@poomail.com
7977-7777
rua x,bairro y, casa z
12345678/1234-12
vendas
16 11 2019
16 11 2019
5
1
j
3
11223344556
12345678/1234-12
16 11 2019
-10
1000000
1
2
11223344557
pj2
pj2@poomail.com
7777-7777
rua x2,bairro y2, casa z2
12345678/1234-13
vendas
16 11 2019
16 11 2019
5
1
j
4
11223344557
12345678/1234-13
16 11 2019
-100
500000
7
3
2
100000
1
7
3
2
200000
1
7
4
2
30000
1
8
3
1
8
4
1
17


